==============================================================================================
starting........................................................................................
imported glob, np........................................................................................
loading first x pickle........................................................................................
recursively adding x pickles........................................................................................
/scratch/vljchr004/1_8_to_2_2_GeV/x_265338.pkl
/scratch/vljchr004/1_8_to_2_2_GeV/x_265335.pkl
/scratch/vljchr004/1_8_to_2_2_GeV/x_265377.pkl
/scratch/vljchr004/1_8_to_2_2_GeV/x_265381.pkl
/scratch/vljchr004/1_8_to_2_2_GeV/x_265336.pkl
/scratch/vljchr004/1_8_to_2_2_GeV/x_265342.pkl
/scratch/vljchr004/1_8_to_2_2_GeV/x_265385.pkl
/scratch/vljchr004/1_8_to_2_2_GeV/x_265383.pkl
/scratch/vljchr004/1_8_to_2_2_GeV/x_265309.pkl
/scratch/vljchr004/1_8_to_2_2_GeV/x_265388.pkl
/scratch/vljchr004/1_8_to_2_2_GeV/x_265334.pkl
/scratch/vljchr004/1_8_to_2_2_GeV/x_265343.pkl
/scratch/vljchr004/1_8_to_2_2_GeV/x_265332.pkl
/scratch/vljchr004/1_8_to_2_2_GeV/x_265339.pkl
/scratch/vljchr004/1_8_to_2_2_GeV/x_265378.pkl
removing useless elements........................................................................................
0 88.24461 88.24446 0.00015279092
200 9.071386 9.071344 4.158262e-05
400 8.232504 8.232487 1.7415732e-05
600 9.750294 9.750285 8.284114e-06
800 8.828804 8.8288 4.4745393e-06
1000 8.341497 8.341494 3.1888485e-06
1200 9.760554 9.760552 2.0354055e-06
1400 8.894564 8.894563 1.5599653e-06
1600 8.875157 8.875156 1.1119992e-06
1800 9.227733 9.227732 8.7171793e-07
2000 8.665979 8.665979 6.7055225e-07
2200 9.574236 9.574236 5.3225085e-07
2400 8.912741 8.912741 3.6880374e-07
2600 8.839675 8.839675 2.9616058e-07
2800 10.0086565 10.008656 2.370216e-07
3000 8.23616 8.23616 2.3050234e-07
3200 8.890728 8.890728 1.2898818e-07
3400 8.762507 8.762507 2.9057264e-07
3600 8.8974905 8.8974905 1.0570511e-07
3800 8.591084 8.591084 1.2526289e-07
4000 8.342293 8.342293 9.2200935e-08
4200 8.452847 8.452847 7.8231096e-08
4400 8.081398 8.081398 7.636845e-08
4600 8.775289 8.77529 6.146729e-08
4800 8.587757 8.587757 4.33065e-08
5000 8.518595 8.518595 6.0070306e-08
5200 8.406676 8.406676 4.377216e-08
5400 9.260971 9.260971 4.749745e-08
5600 8.107521 8.107521 3.3527613e-08
5800 8.09115 8.09115 3.0267984e-08
6000 8.093501 8.093501 2.0023435e-08
6200 8.149357 8.149357 3.632158e-08
6400 9.260979 9.260979 3.4458935e-08
6600 8.387008 8.387008 2.514571e-08
6800 7.8272424 7.827242 3.0733645e-08
7000 9.542988 9.542988 1.4901161e-08
7200 8.908434 8.908434 1.5832484e-08
7400 8.928753 8.928753 1.1175871e-08
7600 9.93497 9.934969 9.313226e-09
7800 9.271297 9.271297 9.313226e-09
8000 8.379271 8.379271 1.5832484e-08
8200 9.35677 9.35677 1.071021e-08
8400 8.627496 8.627496 1.0244548e-08
8600 8.202118 8.202119 7.916242e-09
8800 8.8438015 8.843794 8.164905e-06
9000 6.113162 6.1131167 4.547136e-05
9200 5.7959166 5.7959146 1.8598512e-06
9400 5.8040895 5.8040876 1.1269003e-06
9600 5.6234283 5.6234255 2.6673079e-06
9800 6.148063 6.1480613 2.040062e-06
10000 5.247384 5.247384 3.5576522e-07
10200 5.403706 5.4037056 5.187467e-07
10400 5.864397 5.864397 3.1339005e-07
10600 6.0893946 6.089394 2.2910535e-07
10800 6.1759396 6.1759396 1.6996637e-07
11000 4.9662046 4.9662046 1.5459955e-07
11200 6.044717 6.044717 1.8673018e-07
11400 5.968876 5.968876 1.5320256e-07
11600 6.005911 6.005911 6.798655e-08
11800 5.5747766 5.5747766 1.0430813e-07
12000 5.0905514 5.0905514 5.5879354e-08
12200 5.625189 5.625189 7.590279e-08
12400 5.711599 5.7115993 4.4237822e-08
12600 6.0438786 6.0438786 5.029142e-08
12800 5.6059227 5.6059227 5.3085387e-08
13000 6.2456303 6.2456303 5.122274e-08
13200 5.1304407 5.1304407 3.3527613e-08
13400 6.1494575 6.1494575 3.306195e-08
13600 6.092064 6.092064 7.590279e-08
13800 5.7563725 5.7563725 5.122274e-08
14000 5.438307 5.438307 6.053597e-08
14200 5.5834417 5.5834417 1.4295802e-07
14400 5.118006 5.1180067 4.377216e-08
14600 5.444949 5.444949 4.4237822e-08
14800 5.487883 5.4878836 1.5832484e-08
15000 5.6289606 5.6289606 1.5366822e-08
15200 5.6240377 5.6240377 1.816079e-08
15400 6.5347137 6.5347137 2.514571e-08
15600 6.4687443 6.4687443 4.6100467e-08
15800 5.8329515 5.8329515 1.3038516e-07
16000 5.5600595 5.5600595 1.1688098e-07
16200 5.609415 5.609414 7.1851537e-07
16400 5.724464 5.724464 1.5366822e-08
16600 5.9113007 5.911301 5.5879354e-09
16800 5.5860586 5.5860586 6.0535967e-09
17000 5.673969 5.673969 1.6437843e-07
17200 6.157595 6.157595 1.2526289e-07
17400 6.4894714 6.489472 1.071021e-08
17600 5.9697747 5.9697747 3.259629e-09
17800 5.711029 5.7110295 2.7008355e-08
18000 6.3825016 6.3825016 2.3283064e-09
18200 5.348621 5.3486214 4.656613e-09
18400 5.780425 5.7804246 4.1909516e-09
18600 5.5201178 5.5201178 4.656613e-09
18800 6.1287956 6.1287956 5.122274e-09
19000 5.4764977 5.4764977 1.071021e-08
19200 6.5450144 6.545014 7.916242e-09
19400 6.4697323 6.4697323 8.381903e-09
19600 5.57471 5.57471 4.1909516e-09
19800 5.325349 5.325349 2.3283064e-09
20000 6.0207043 6.0207043 3.259629e-09
20200 6.0454984 6.045498 3.259629e-09
20400 6.3388224 6.3388224 3.7252903e-09
20600 6.3917627 6.3917623 3.259629e-09
20800 5.8794765 5.8794765 4.1909516e-09
21000 6.7083974 6.708397 3.259629e-09
21200 5.675167 5.675167 5.122274e-09
21400 5.6778665 5.6778665 1.3969839e-09
21600 5.820897 5.820897 4.656613e-09
21800 6.0505157 6.0505157 2.7939677e-09
22000 5.7487507 5.7487507 5.5879354e-09
22200 5.552985 5.5529857 3.7252903e-09
22400 6.163724 6.163724 9.313226e-10
22600 6.3886604 6.3886604 1.8626451e-09
22800 5.6316423 5.6316423 1.8626451e-09
23000 5.7539406 5.7539406 5.6345016e-08
23200 5.626091 5.626091 4.656613e-09
23400 5.9112883 5.9112887 2.7939677e-09
23600 5.647706 5.647706 1.3969839e-09
23800 5.939047 5.939047 3.7252903e-09
24000 6.9656005 6.9656 2.3283064e-09
24200 5.898031 5.898031 2.3283064e-09
24400 5.9547706 5.95477 3.259629e-09
24600 5.940137 5.940137 3.7252903e-09
24800 6.1497126 6.1497126 1.8626451e-09
25000 5.8120284 5.8120284 4.1909516e-09
25200 6.4904947 6.490495 0.0
25400 5.7280264 5.7280264 1.3969839e-09
25600 6.4570646 6.4570646 2.3283064e-09
25800 5.461233 5.461233 0.0
26000 5.472519 5.4725194 3.259629e-09
26200 5.9000835 5.9000835 1.21071935e-08
26400 4.738052 4.7380524 1.8626451e-09
26600 4.945155 4.945155 9.313226e-10
26800 5.301239 5.301239 2.7939677e-09
27000 5.692417 5.692417 2.7939677e-09
27200 5.502366 5.502366 3.259629e-09
27400 5.7726893 5.772689 4.3958426e-07
27600 6.4296246 6.4296246 8.381903e-09
27800 5.5613265 5.5613265 9.313226e-09
28000 5.9042597 5.9042597 2.3283064e-09
28200 6.616341 6.616341 4.656613e-10
